...12-

1 ’1311111113113117,3,,1 ,11311131111-13(1111111131Ρ1111111111111
Ι, &3 ,1,3311111113 l3 3, 3, ,13113 Ι, 1,1· , ,1133 ΙΙ, 1, 73,
111 1233111. ,81133133 1111113 69, 31535113- 1111113 163, 111
811111. el. 4. 4 ,1·111111331131113.

61113113, 1111111113 3ΙΙ31133 11111113 11111111113 5i-
1311113131, 111 ,11133133 1111311311, 2, 61,3 3 313 6, 1,
112117 117, ,111311 111131, 8, 611,1 ,Ι1-311113 1, 43 16 31
11111111 Lygd. 2, 3,

713113 3111131 111111 113 31131 1111113 111 ,1331113
1,8,71”1,111113331,1,(1162, ,111313 aestivi 111133 Ι, 1, 27,
,1111111131313131 Ι, 3, 13, 511111105131134 18, ,3111111133
1, 6, 62, ,11·1111311111Ι1, 7, 53 11.11,33,3111111111·(,,11.1; ,Ι311χ
133111311131,16, ,131·13133,Ι) 28, ,1333313 (31.1111311131
1, 21, ,31111111111Ι1,1; 13 1³55ng ,13131133 31116178,
,11331133 121, ,3133313 (55. 13113331 7, ,1111113 157,
,11113 131, ,1113111313 177, ,31133113 123, 111 811111. el.
3, 1 11· 311. 11, 3. 5 ,31111111,Ι (μανιάσιν νόσοις 3033. ΑΙ. 113111

Cum apud Tibullum 3311113331 13111 5i11g1 (111311 11111111113
111·’11133 111 11111311 1111311111 111 111·0 ,,11 111 31111 11313113111, 16
’111131311311133333111311133313311.Ρ11331.186,1111113..
11331311331Ι,,11313 111 133111. 31. 3, 26 1111311333 ,1131311113
111111 plurali 111111 1311111133 ,3111111313 111113 sibi 1111131111 11133.

1 3. 1133131, 1111311111 113 31333113 1311113 3113311113133
1111311133 ,313 11 ,3113133 11313131313313, 11333 3 111111113
” 311111111111313 1111113313 1111311331 1111111111 1311113321 pro 313131311-
11113 ,313 31 ,133113 11111 13111 1131311311 3111333. ’1111311113
igitur 11113 aliis 11113113 31 1311313 31 graecis 3) 313311113111111133
111311113111 1311331113111111111133131111111 1111111·1·13113331111311311111311-
11111111111 admisit, 3131 331131111333 113131111331113311, quin 311331
31111331 131311 iuxta legit 111 singularis.

. Ofr. 11, 4. 11, ,3311111111111111111, 333 1111111 11111111113113,

’ Ι, 3, 113 ,31111131131113Ι,Ι, 1), 13 ,3111111311111111133,Ι, 1, 112 3

L 3, 11 ,3131133 11113, Ι, 2, 3 3- l3 33 44 ,1111311·31111131131Ι,
Ι, 2, 86 ,111313 3113113, Ι, 6, 713 ,1·111111131111311·11,1, 111131, 13

1“111’1.1)131(1(11·1·, 11131. 311111 1111. 7.
211Ι1Ι.1(11111311,131111·,11111 1135 21.
311 111. Kuehuu13 1111. (11331. Π, ξ 371, 3.

 

