..4⁶2„

,31111 1111111111111111 1111111111,1111111111 111111. 1, 1, 46,
3, 63, 11, 4, 3, 1111111. 1, 3, 1111111134, -quarto 111111
Lygd. 5, 23, .

,31111 apud ¹133. 11, 5, 112 3 1111) 1111 1111111111111111-
1111111111-11111111111.14211111111111101111

,3111111 111111111111111111111111111111111111111111111111·111;11111.
1,225, 13411) 12,1,2161,,,11141;
3, 22. 32 43· ·” 13333 33, 41, 1111111. 234, 3111 11.5,13,
-1111111111111, 131111111111111131111111111,
mw·u·3mwssffl3 Μ,

,1)11111111111111111111.1, 1113, 2, 4. 13, 3, 25, 5, 221
11, 5, 36 11 111 11111111. 31,1111111111,-1111111111111. L 3, 56
tert-io 1111 apparet.

,1111111 coniunctio 111111131111.1,ῖ,42, 111 311111. 11. 2, 11
1111111111, -111 11111111, 134 1111111 11111, - ,11111111 1111111111).
1. 2, 33, 6, 641111111111111111111111111111·.

,Quod‘ voculam 111 111111. 1111111, 1111 secundo 111111 -
L 3, 13, 4, 11 —- 111111 111 311111. 11. 4, l tertio, — 6. 5
11111111 111111 1111 legisse memini.

,3111111111111111111111111111111113 L 6, 23, 3, 61,
33334, Π,4,3,Ρ111111.3. 41. 131, 31111111.
611(111,1111)111.5,4,-11111161411453,
111 111. 4, 32 (1111111) 1111111. 113· ,-1,111111111111111; 3111).
Ι. 4, 49,

,Ubi‘ 11111111111111111111, qnam 1111111. nusquam 11111111.
11111111, 5, 33 1111111111, —- 3. 4, 31 111111 11111 exhibet.

,111 11111111 3 333. 11111111 111 Ι11111111111111 11111111 1111111111·-
1111· plerumque 1111111 praeposito: 1. 1, 13 ,terreat 1111, -
2. 2 ,1111111111 1111, - 4, 52 ,1111111 1111, - 6, 1611111111111,
3, 26 ,1111111 1111, — 133. 43 ,1’11111111·111111, — 11, 1, 53
,1111111111 1111, - 2, 22 ,11111111 1111, - 3, 43 ,11111111 1111, -
11111111 111 111111111111111111111111 11111 1111111131, ,11111111
1111111111111111111, 11111111151111111111111111111111111. 3313. 111111. 1, 12
,111111111 1111, —- 3 ῖ 11111111111ς-1111111, 36 ,’11111111111111,
3311131111 -13211111111111-134,1111111111111,
311111. 11. 5, 4 ,1111111111τ

 

