,,11-

1511551151, 5115 1115 5511115515 nominis 5151111115515 vel 5111111511-
151515 1155511515 5151111515 51115515 51111111115115 1115111 5555551·
1515 55551115 551. 41 1151111515111111515 111111111511151111555,

11 155, 11555 5 15115111151151 51, 51 ,·5515 Ι, 3, 22,
5111155411, 3, 11, ,ligna⁸ ΙΙ, 1, 22, 1455115 Ι,3 ,145,
ῖ, 54, ,1555555 (-,-.1’15155 1511551 l, 1, 24, 5, 22, ΙΙ, 1, 41,
,111115154111 ’5,24, ΙΙ, 3, (19, ,15154 Ι, 3, 34, 3111,
ΙΙ, 2, 3, ,11111414111,24,-511111111111151151515541,11,
,ignes 5,11, ,turer 3, 2, ,1555554 5, 111, 1514555115
,1511554 (ε agri 51 1115151 1112, 111 35111. el. 4, 3 111154.

21 1551111115 151 1151155 5111115115, 1115111154
Ι, 4.),432, 4, 111, ,5154 (5111151511, 8, 32, ,1155111545 (5411115)
1,Ι,41,1,.1·11111.1·Ι,2,33, 3, 11, ,1511115115151 l, 3, 242,
,5511111554 ll, 3, 2111511115511, - [,1, ,1113115 5151111
1511, ,5555411115111111511111111151111111151115111111 - 1, 3, 3,
1551155151151111515, ϊιι ,·,·111;
-1551511111511Ι,3,1111,44113, 11311,11,3,243,-,551·115154
1511111515351111.1111232141Ι, 3, 52, l, 2, 2131 - 5111111 111111,
,5511154 2,,11, ,orer 5, 25, ,15115 4, 31, ,5511111554 111
plurali 1511111111 1511551115· - 2,,11 5,,15 - ,555154 111 11111-
rali 3, 114, -— 111 1·51151·;,5511511.1Ι11, ,1511154 1111,
111311111.51.3,11111511.,5.·),551·11·1115, 512, 24 511515,

31155 11151111 1’·1’1155,1111,1111,15 Ι, 4,111, ,1551554
1,Ιι,4ῖ,3,13,11,“·,1 33- -111151115555115 ΙΙ, 1, 1ἰ·,1 ὲ,1 13,

1),111,*11.,2131,11511ι1 5111151551111 ΙΙ, 123
”’04155515,111,5155411,1 11514151151111511111-
1·ξι.1111 11.11311.,141,145511151151111 11,,1,52,1ι·.15.51 ’5,4),
,14555115 11111111115· Ι, 2, 31, 3, 111, ,11155515 5111111554 epigr.
1, 15, 515111111 1111111. 11, 22, ,11·511111111111154.

51 115111155 1551111115, 111 ,1115111541 2, 11, ,1151111155

14515115411, 5, 25, ,1·515· l, 3, 21, ΙΙ. 1, 31 (5155555551-

411·.’·.11 1111511551, 1·11. 11111111.11, 1 23-1)1551,,·51, 1115131111. Ι 111 3

4151511151511151, 1115131111 l, p 3⁸.

Τ41311111151151114·Ι 1515111555115111·11151115155111115 1. 21 1·1111.·····111111 15111
11511111 511111 111151· 1151Ι 111155 1115111· 1··5111111 1·1’.15,11 1511111511111111111111111111151·
5115111115, 1111111 ,1·111·’4111115 5115111111151515 111151111551511 1511 ···1111111151, 11111111
1·111111 1151151115 1155511151, 1111511 15 5111111. 11111 5511111115 1515111115 1·15111 1111511551
1111151551 1151111 5115551· 55515511

41 cfr. 1111151151, 11151. 31111. Ι, p. Ι.

 

