-ε111--

011111111111111111111,1111111101111111 1, 1, 8 ,sm-ili mamm
poma 11111111ί singula 11111111111111151· ordinem numeris 1, 2, 3,4
111111101111111111 1111111111111 exprimi potest:

11.2 340

, 114.21119
31m2.4÷m
0’13.240

V 31.24ὓ

Singillatim immmmm· mm schemata:

430213

4.3 120

11.1 Q)

111111111111111. Ι, 1,1.11,-2.49,-3,65,ι5,63,-11,1,3,-5,1,-
6, 31, - epigr. 1, 153-Pa110g. 13. 34. 41. 49. 56. 58. 106. 121 1211.
132. 149. 115. 181. 194, --311111 el. 1, 13. 19, episi. 5,1, (Tib. 1, 1, 39
11 Lygd. 1, 3 quartum membrum in pentametrum translaturrr mr.)

111,11111111111.Ι, 1, 6. 8. 10. 12. 42. 52, - 2, 10. 88, -3, 34. 52.
60. 66. 14. 16, -— 4, 8. 12. 20. 44. 10,-5, 4. 24. 44,- 1. 18. 34. 38.
46. 48. 54, -3, 2. 16. 30. 42. 62,-- 9, 26. [18,-10, 4. 22. 26. 38. 40,
-mmmrrmm44mmmm-mm-mmimmm-
4, 28. 30,-5, 38. 42,-6, 12,--11,11(,,1. 1, 20, ——Lygd 2, 12,-38.
18. 38, - 4, 16. 36. 42. 52. 60. 18, — 5, 16. 28, - 6, 12. 42. 46.
58. 60, - 811111. 11. 1, 18. 24,-2, 14,-3, 6. 14, - 5, 2, - episi.

ι ,- ⁶· — Γ “. ,-
2ἲἭ)11411111111111111111111111111, 1111511111.Ι,3,28,-5,48,
- 1, 42, - 9, 82, — epigr. 1, 4,- Lygd. 4, 30, -

31111 hexam. Ι, 1, 41. 333- 2, 31, - 3. 29. 55. 15, -- 6,19,
-— 9, 49. 51, - ΙΙ, 1, 21, - 4, 23, - 5, 81, epigr. 1. 1, - mem-
brum ultimum 1111151111111.11111111ὀ111111, 1, 39, - 8, 31; - Π, 11 27 -
11)’1,11.1,9.11,-3,11,-41511,-5,1.9.25,--Ρ11111»ς.
13. 20. 38. 51. 16. 11. 111. 105. 112. 111. 123. 124. 125. 126. 121. 131
(ultimum membr. irr sequerrtrm versum 11111111111111111111 130. 144. 148. 155.

111ρ511111111.11,3,48.80,-4,14.16,-5,46.50,-6,14.28,-
1A4mmp4mmumm-ssmmmm-mmssamss
45.18,-4, 10. 12. 48, - 5, 28. 30.34,-·ο]111,1.1,10,-51,,(1.1,22,-
2, 28,-3, 2. 28,-4, 2. 28,-5, 20. 30, 81115. el 1, 20,---2,10,-

⁴)1n hexam.I, 2, 5, - 6, 15, ’1, 5. 25, - ΙΙ, 2, 5, --
4, 9. 59, -- iiygd. 4, 31. 59, - Parrrg. 150,

in peritam. I, 1, 2. 22, - 2, 6. 64, - 3, 6. 24. 62. 36, -
4, 6. 30, - 5, 54. 10, - 6, 40. 18, -1, 6. 8,-9, 1054, -10,24.
30. 36. 46, - H, 1, 10. 88. 90, - 2, 4. 22, - 3, 8. 10, - 5, 54, -
1.,1ς11111.18.16;-8111.11.12,-111,-

51 In 11(1111111.1, 1, 21, - 3, 63, - 5, 3, - 6, 22, - Lygd.

mmmm-mmmmstmssm-Pwmmmmm
1111111111, 1, 1, 2,-8, 14.64,-9, 51,-11311. 4, 50,-5, 2,-
111111,9,.111;-1.)’ς1.1,11,-5,]2.11;»-1’1111,. 166,
711111Π, 5, 51,
81 Tib. I, 1, 65,

 

